% xlsread() 路线连接矩阵，距离矩阵
launch=[0 0 0 1 1 1 0 0 0 1 1 1 0 0 0 0 0 0 1 1 1 1 1 1]; % D1=0 D2=1
va=[45 70]/60;
vb=[35 60]/60;
vc=[30 50]/60;%速度 普通 主干
t=0;%时刻 分钟
